[data]
path = /Users/jennings/Desktop/stereo_vo/data/08
start = 0
end = 700

[camera]
intrinsic = 707.0912, 707.0912, 601.8873, 183.1104 ; fx fy cx cy
baseline = 0.5379