[data]
path = /Users/jennings/Desktop/stereo_vo/data/seq07_rect
start = 400
end = 2000 ; start/end from which image

[camera]
intrinsic = 737.54917570400835, 737.44108093012437, 635.11252366912186, 512.80662803520477 ; fx fy cx cy
baseline = 1